nan
nan
nan
nan
nan
nan
nan
nan
nan
nan
1.136098755523562431e-03
1.332651358097791672e-03
2.694787457585334778e-03
2.127727027982473373e-03
3.023606259375810623e-03
1.525097293779253960e-03
2.839791122823953629e-03
1.202945015393197536e-03
2.413437468931078911e-03
1.951963524334132671e-03
3.078917041420936584e-03
1.482362858951091766e-03
1.782271778210997581e-03
1.108288532122969627e-03
8.306069066748023033e-04
7.528584683313965797e-04
6.499365554191172123e-04
1.130415359511971474e-03
1.409223885275423527e-03
1.079842797480523586e-03
1.236069016158580780e-03
1.217678654938936234e-03
4.731978406198322773e-04
1.049420679919421673e-03
5.556930555030703545e-04
8.433188195340335369e-04
7.291005458682775497e-04
1.108781667426228523e-03
5.174161633476614952e-04
1.119778025895357132e-03
1.393113168887794018e-03
4.359305312391370535e-04
1.400272245518863201e-03
9.400591952726244926e-04
4.797604051418602467e-04
9.089232189580798149e-04
9.073061519302427769e-04
1.446853042580187321e-03
7.834042189642786980e-04
1.096287625841796398e-03
