3.260594897899959488e+00
2.509528417595356498e+00
2.864843929914745679e+00
2.653667548702682843e+00
1.918279092503712313e+00
2.092504714995891302e+00
2.811925403013286306e+00
2.420951356672603527e+00
2.474503320830836017e+00
2.021003173677274223e+00
2.661552972949655871e+00
4.171029505145599003e+00
3.939432683009564506e+00
3.629068482507083360e+00
3.687171690903299215e+00
2.225043947523725141e+00
3.326008075831809130e+00
2.662706447370139173e+00
2.520573408490986544e+00
1.707816216675471122e+00
2.602506228206222350e+00
3.296285030611101785e+00
2.632807648980167059e+00
2.846067820624578193e+00
2.951977187264106295e+00
3.012185490385479003e+00
3.136491979086011295e+00
4.298758140763634827e+00
4.562731324537256938e+00
3.908008514002022871e+00
3.598232900978825199e+00
4.429016901115959470e+00
4.492042410137838004e+00
3.613251170969335124e+00
4.280535922102084001e+00
2.641767938448391639e+00
3.723937190392826668e+00
2.512420682672833472e+00
6.859859012328382022e+00
3.583618525489908446e+00
4.863917235091095748e+00
6.609464377853003114e+00
3.026094551150944501e+00
3.666857093894348107e+00
6.483543638681370957e+00
3.115250447650181886e+00
1.962951219600868491e+00
2.676304166638380444e+00
2.004962797510073447e+00
6.141584690110614808e+00
