nan
nan
nan
nan
nan
nan
nan
nan
nan
nan
1.887124843187630185e+00
1.712263274844735950e+00
1.905187532673589867e+00
1.799046674864366757e+00
1.875444496348500190e+00
1.485643577445298513e+00
1.999331870870664662e+00
1.819113944917917225e+00
2.005352010517380990e+00
1.715740158557891748e+00
1.839568529948592213e+00
1.702960067207459405e+00
1.812735289670526884e+00
1.752900321362540037e+00
1.598336457014083889e+00
1.913058492159470880e+00
1.589689384363591751e+00
1.637234697528183514e+00
1.648941161725670179e+00
1.363138851262629014e+00
1.374159461127128390e+00
1.569535475717857453e+00
1.581414260807214367e+00
1.482485833168029732e+00
1.676334679163992369e+00
1.387096705762669524e+00
1.473168725632131082e+00
1.544796506885031784e+00
1.488131625950336545e+00
1.321288894256576807e+00
1.589613717980682850e+00
1.261793960854411090e+00
1.626080544441938391e+00
1.562950190994888633e+00
1.580064410418271947e+00
1.671911960542201925e+00
1.341530446140095645e+00
1.448009991105645877e+00
1.396765169873833701e+00
1.331866416845004952e+00
