-7.334999999999997726e+02
-1.044099999999999000e+03
-1.733650000000001000e+03
-1.834300000000000409e+03
-2.439600000000001273e+03
-2.903250000000001819e+03
-2.246650000000001455e+03
-1.707150000000003274e+03
-1.716000000000002274e+03
-1.711150000000002365e+03
-1.632650000000000318e+03
-1.202199999999999363e+03
-1.146200000000000273e+03
-1.326850000000001728e+03
-1.408350000000001273e+03
-2.374850000000000819e+03
-1.666250000000000227e+03
-1.625450000000001637e+03
-8.315999999999997954e+02
-2.019100000000000819e+03
-1.489850000000001955e+03
-1.037200000000000728e+03
-1.374000000000002501e+03
-9.239499999999991360e+02
-1.598750000000000909e+03
-1.993900000000000546e+03
-1.889899999999999864e+03
-1.062350000000000136e+03
-9.537999999999993861e+02
-1.078399999999999864e+03
-1.016999999999999545e+03
-6.176499999999997499e+02
-9.003999999999998636e+02
-1.232750000000000682e+03
-1.359150000000000318e+03
-2.617150000000001000e+03
-1.217950000000000045e+03
-1.232350000000006048e+03
-6.871999999999997044e+02
-1.100900000000000318e+03
-4.467999999999997272e+02
-6.165499999999999545e+02
-9.007499999999996589e+02
-1.421300000000000637e+03
-1.003449999999999250e+03
-1.734449999999999818e+03
-2.491549999999999727e+03
-1.238650000000000546e+03
-1.399650000000000318e+03
-4.877499999999997158e+02
