nan
1.677292633056640625e+01
1.287387084960937500e+01
1.281609344482421875e+01
1.691955947875976562e+01
1.602789878845214844e+01
1.560931110382080078e+01
1.231482887268066406e+01
1.349347305297851562e+01
1.239408779144287109e+01
1.128435325622558594e+01
1.541270542144775391e+01
1.222517967224121094e+01
1.246386814117431641e+01
1.218366909027099609e+01
1.191846275329589844e+01
1.096855068206787109e+01
1.336788654327392578e+01
1.076555156707763672e+01
1.082014560699462891e+01
1.116410160064697266e+01
1.019723987579345703e+01
1.218230247497558594e+01
1.081981468200683594e+01
1.132601642608642578e+01
1.183562469482421875e+01
1.102964401245117188e+01
1.216016578674316406e+01
1.060072994232177734e+01
1.087531089782714844e+01
1.061621475219726562e+01
1.097032833099365234e+01
1.070388412475585938e+01
9.759769439697265625e+00
1.078321170806884766e+01
9.977718353271484375e+00
1.066473770141601562e+01
1.170131683349609375e+01
1.049562740325927734e+01
1.028524780273437500e+01
1.049442100524902344e+01
1.125741481781005859e+01
1.045747089385986328e+01
9.618827819824218750e+00
1.041138267517089844e+01
1.048936176300048828e+01
1.047794055938720703e+01
1.035760021209716797e+01
1.038459587097167969e+01
1.007306671142578125e+01
