8.130000000000000000e+02
9.270000000000000000e+02
8.630000000000000000e+02
8.410000000000000000e+02
7.050000000000000000e+02
9.290000000000000000e+02
8.810000000000000000e+02
9.570000000000000000e+02
1.103000000000000000e+03
1.005000000000000000e+03
1.157000000000000000e+03
6.350000000000000000e+02
6.870000000000000000e+02
7.490000000000000000e+02
1.223000000000000000e+03
1.065000000000000000e+03
8.330000000000000000e+02
7.030000000000000000e+02
8.310000000000000000e+02
9.050000000000000000e+02
7.010000000000000000e+02
6.690000000000000000e+02
1.027000000000000000e+03
6.010000000000000000e+02
1.229000000000000000e+03
9.490000000000000000e+02
7.370000000000000000e+02
1.051000000000000000e+03
9.910000000000000000e+02
7.210000000000000000e+02
8.530000000000000000e+02
9.670000000000000000e+02
6.390000000000000000e+02
6.910000000000000000e+02
8.430000000000000000e+02
1.131000000000000000e+03
9.730000000000000000e+02
1.079000000000000000e+03
9.650000000000000000e+02
1.149000000000000000e+03
9.210000000000000000e+02
1.461000000000000000e+03
6.130000000000000000e+02
9.130000000000000000e+02
1.225000000000000000e+03
8.350000000000000000e+02
9.830000000000000000e+02
9.170000000000000000e+02
1.123000000000000000e+03
1.029000000000000000e+03
