nan
1.636615296566125011e+01
1.043006643005039358e+01
7.635907323360442867e+00
3.297833466529846103e+00
2.013317776322364860e+00
1.515698814392089755e+00
1.182584826946258438e+00
1.028304899334907541e+00
1.062692324519157516e+00
1.065603604316711417e+00
1.073153195381164604e+00
1.067260221838951084e+00
1.075062341690063539e+00
1.078093934059143111e+00
9.880771261453628052e-01
9.084651422500610307e-01
9.137928640842437611e-01
9.185503160953522039e-01
8.973586112260818481e-01
9.063954377174376908e-01
9.285643905401229636e-01
9.196527791023254572e-01
8.892694544792175693e-01
8.323880851268767866e-01
8.339950251579284490e-01
8.247051531076431408e-01
8.095814639329910190e-01
8.235334926843642656e-01
8.396894019842148227e-01
8.475976049900054710e-01
8.348387247323989513e-01
8.295772844552993242e-01
8.544827151298522994e-01
8.736970502138138306e-01
8.440442472696304543e-01
8.088424986600876165e-01
8.047059148550033125e-01
7.828377723693847878e-01
7.976436358690262018e-01
8.158816599845886142e-01
8.020866328477859186e-01
8.053767913579941151e-01
8.123049557209014448e-01
8.114991909265518721e-01
7.937538754940033359e-01
8.090765458345413608e-01
8.248242756724357694e-01
8.143201759457587841e-01
7.969108206033707065e-01
