-1.153699999999995725e+03
-2.556799999999902866e+03
-1.679699999999996862e+03
-2.138999999999956799e+03
-1.253000000000002956e+03
-2.125499999999907232e+03
-1.299000000000002046e+03
-2.555799999999852389e+03
-2.309499999999922693e+03
-3.068399999999863212e+03
-2.299499999999888587e+03
-1.320699999999996635e+03
-1.114100000000000819e+03
-2.215099999999913507e+03
-3.044899999999797274e+03
-3.343299999999817828e+03
-2.354299999999906959e+03
-1.508199999999990268e+03
-2.094299999999940155e+03
-2.346399999999893225e+03
-1.888599999999986949e+03
-1.568799999999996089e+03
-1.454199999999990723e+03
-1.124400000000003956e+03
-3.844499999999793545e+03
-2.699099999999836655e+03
-1.844900000000000773e+03
-2.541299999999928332e+03
-2.037199999999914326e+03
-1.608600000000003320e+03
-1.705099999999987631e+03
-3.312199999999826105e+03
-1.734299999999998363e+03
-1.401399999999993497e+03
-2.265699999999957072e+03
-2.508499999999847205e+03
-2.460899999999862303e+03
-3.280599999999813917e+03
-1.952399999999966667e+03
-3.550499999999810370e+03
-1.614899999999993724e+03
-3.940899999999781812e+03
-9.563000000000261025e+02
-1.898499999999976126e+03
-2.344799999999846932e+03
-1.572699999999993224e+03
-2.319899999999857755e+03
-2.189099999999873035e+03
-2.940999999999827196e+03
-3.140999999999844022e+03
