nan
nan
nan
nan
nan
nan
nan
nan
nan
nan
2.070881426334381104e-02
8.816151320934295654e-02
1.271025687456130981e-01
9.095702320337295532e-02
1.172193512320518494e-01
5.441384017467498779e-02
9.613834321498870850e-02
5.216310173273086548e-02
1.154559403657913208e-01
9.532250463962554932e-02
8.556255698204040527e-02
1.071977913379669189e-01
3.439108282327651978e-02
7.084493339061737061e-02
1.008971333503723145e-01
6.103575974702835083e-02
6.370614469051361084e-02
1.012716963887214661e-01
3.860036656260490417e-02
1.026127934455871582e-01
6.928660720586776733e-02
4.444235563278198242e-02
7.906630635261535645e-02
9.893001616001129150e-02
7.208457589149475098e-02
8.997665345668792725e-02
1.011356711387634277e-01
3.569333627820014954e-02
1.061525493860244751e-01
6.588333100080490112e-02
7.950472831726074219e-02
9.069270640611648560e-02
7.240590453147888184e-02
9.068846702575683594e-02
1.228058487176895142e-01
6.761570274829864502e-02
8.875435590744018555e-02
1.191681325435638428e-01
8.037311583757400513e-02
5.135008692741394043e-02
1.310423463582992554e-01
6.377344578504562378e-02
1.138981804251670837e-01
1.316061615943908691e-01
8.751629292964935303e-02
1.045930609107017517e-01
1.042948663234710693e-01
7.856371998786926270e-02
1.138251945376396179e-01
9.621196240186691284e-02
7.198841124773025513e-02
7.393620163202285767e-02
1.751012206077575684e-01
1.754141747951507568e-01
8.680248260498046875e-02
1.107752025127410889e-01
1.633819490671157837e-01
1.351294815540313721e-01
7.894014567136764526e-02
5.505811795592308044e-02
1.323303878307342529e-01
1.528355032205581665e-01
8.833032101392745972e-02
6.599226593971252441e-02
1.638245880603790283e-01
1.630945503711700439e-01
1.069471761584281921e-01
1.651218086481094360e-01
2.202879264950752258e-02
1.663918644189834595e-01
1.676869243383407593e-01
1.009432747960090637e-01
1.862953454256057739e-01
9.936799108982086182e-02
2.337799221277236938e-01
1.267637014389038086e-01
1.556963175535202026e-01
1.666668951511383057e-01
1.900758892297744751e-01
1.641629934310913086e-01
1.123662665486335754e-01
1.433616727590560913e-01
2.611200809478759766e-01
1.998088955879211426e-01
2.043921798467636108e-01
1.693043708801269531e-01
2.024027109146118164e-01
1.713150739669799805e-01
2.082661539316177368e-01
1.251332312822341919e-01
2.449270188808441162e-01
2.359475046396255493e-01
1.825571954250335693e-01
2.176356017589569092e-01
1.795518994331359863e-01
1.825707703828811646e-01
1.377157270908355713e-01
1.981249004602432251e-01
3.162694871425628662e-01
2.302227467298507690e-01
2.409779876470565796e-01
2.221940308809280396e-01
2.034383565187454224e-01
3.054795861244201660e-01
2.618399858474731445e-01
2.004930973052978516e-01
1.613316982984542847e-01
1.731096804141998291e-01
2.639111280441284180e-01
1.709140837192535400e-01
1.973194479942321777e-01
2.493386566638946533e-01
1.764813959598541260e-01
1.867137551307678223e-01
2.426814734935760498e-01
2.910110354423522949e-01
2.784995734691619873e-01
2.709483802318572998e-01
2.196557819843292236e-01
1.897566914558410645e-01
1.926403641700744629e-01
2.878333926200866699e-01
1.800271868705749512e-01
2.844870388507843018e-01
1.371788233518600464e-01
2.708560228347778320e-01
1.709897220134735107e-01
2.048514634370803833e-01
2.138655185699462891e-01
2.925632297992706299e-01
1.999093145132064819e-01
4.148756563663482666e-01
2.406685054302215576e-01
3.227153718471527100e-01
1.660905480384826660e-01
3.244988024234771729e-01
2.205076068639755249e-01
2.165422290563583374e-01
1.817615628242492676e-01
2.387247532606124878e-01
