1.604607151150922340e+00
3.847933660304060588e+00
3.854103007521886948e+00
9.511881407978609593e-01
2.405128758624401453e+00
9.046506481041223235e-01
3.074423592754614631e+00
7.161364495845465861e-01
2.120095491471018612e+00
2.613349057738622694e+00
2.010654476260227419e+00
2.127877026058309529e+00
2.564399774116395747e+00
4.449719804167035164e+00
4.060549119643030558e+00
5.281487352390581869e+00
5.315113726552386453e+00
2.907466911668161735e+00
4.037935571151431091e+00
4.478776420906294575e+00
6.611648329698349258e+00
4.782020825504718076e+00
6.145720690890722260e+00
4.518061818370048499e+00
5.805352594257065846e+00
1.621293243401462636e+00
2.467080120643045049e+00
3.880045469108247325e+00
6.040079362485907488e+00
7.194964020320216314e+00
2.703003257459052122e+00
2.223958650531142833e+00
4.734987004304413993e+00
6.165230270794943124e+00
3.533096930394248769e+00
4.392900980935891653e+00
3.935255311501234310e+00
3.088134031360401544e+00
3.400775217330294531e+00
5.122389633423562572e+00
5.012509830252545484e+00
4.417896809808484093e+00
3.139546100013210328e+00
3.198101422187666465e+00
3.565456329593417184e+00
4.189154162404620685e+00
2.387131308370685545e+00
4.616833758985940506e+00
4.457959877288153017e+00
3.898883128919792274e+00
3.871559738671868978e+00
2.850129220443322620e+00
2.374019144070715459e+00
4.710720302234553181e+00
5.635530555044608647e+00
2.854071947533378673e+00
3.137239139182512737e+00
1.812322252611445306e+00
3.329296363511919932e+00
2.523979816029273682e+00
2.621110409667394503e+00
6.179896863292170472e+00
2.396352597239233884e+00
5.090081584268012271e+00
4.611501214500008494e+00
2.634566320085007352e+00
2.375040368305844307e+00
1.825208275734077290e+00
5.732613522443318566e+00
4.191083992517455670e+00
4.273467468740728137e+00
3.742930099402530963e+00
2.181636630973741386e+00
3.706630827144557383e+00
4.742993746108156827e+00
1.780927051504522796e+00
2.981029181993382071e+00
4.057527326801252165e+00
5.480987554841181719e+00
2.849707813928514799e+00
1.235203070200943554e+00
2.946689666989169787e+00
2.525301075087255764e+00
2.341538746206118127e+00
1.789156241033444061e+00
1.210053823515699012e+00
1.982519584925037881e+00
1.149899675872873006e+00
2.434317980740252185e+00
1.482850406747285854e+00
6.468336270570479662e+00
4.863396505110958223e+00
4.978942672120769686e+00
6.743401022262641931e+00
3.675938572126041137e+00
1.340449529378547444e+00
6.244585303338812565e+00
1.526805096967828845e+00
2.135671383479835761e+00
1.113309367393541471e+00
1.716211716701783185e+00
2.607784664571787481e+00
5.022791118037361890e+00
9.673629001400557703e-01
6.686310285800340480e+00
2.241228262817343442e+00
6.104127020987958119e+00
2.656464564626534131e+00
1.469268350763303532e+00
4.740924630825262831e+00
1.344137188968968388e+00
4.691691368651839333e+00
4.136332625404453900e+00
2.137120060360173213e+00
2.177821058049303815e+00
4.075604778999102784e+00
3.452929093812083572e+00
2.355418344253616514e+00
1.887049515229369145e+00
6.104784135477208551e+00
4.394276701752427350e+00
3.739902446862444663e+00
3.042426381834323124e+00
4.702722893038525420e+00
5.850915368889058499e+00
2.181506108061399551e+00
4.541452055306067770e+00
1.080799583419681742e+00
5.208645124469651222e+00
2.079329831215470215e+00
5.413448917669824390e+00
2.220856826551481866e+00
2.807108360738101105e+00
6.098369016491931305e+00
3.251189150950338558e+00
2.507743948030237924e+00
1.936323261473048341e+00
4.104900335143667256e+00
1.316221673186477981e+00
2.021051100517668342e+00
7.127016148752740143e+00
3.186122394738830632e+00
3.763043152968669425e+00
3.939796329570191435e+00
1.865731818788829433e+00
1.598265509974732490e+00
6.910452195645628848e+00
1.948991234568430819e+00
1.337369697053558015e+00
1.695820447798199515e+00
