nan
nan
nan
nan
nan
nan
nan
nan
nan
nan
2.660569870471954346e+01
2.604214881420135441e+01
2.859389097213745146e+01
2.447357038974762133e+01
2.474100593566894446e+01
2.301846774578094568e+01
2.115669129848480168e+01
2.502387479782104407e+01
2.296901118278503517e+01
2.259762545585632409e+01
2.076829463481903204e+01
2.043202291965484463e+01
2.057717381477355900e+01
1.796573517084121718e+01
1.857914010286331319e+01
2.000379312038421631e+01
1.999092300415038892e+01
1.840829366445541382e+01
1.776710994243621755e+01
1.886490827083587618e+01
1.808717945337295419e+01
1.873010692477226158e+01
1.857500059247016821e+01
1.757416770219802871e+01
1.704355628490447927e+01
1.664430392265319725e+01
1.815205313682556110e+01
1.677481670379638601e+01
1.596169443249702447e+01
1.665005470752716121e+01
1.741142015457153391e+01
1.664619688630104122e+01
1.620867443084716797e+01
1.694781981468200627e+01
1.703997229337692332e+01
1.658731390476226863e+01
1.679611626148223991e+01
1.554680354952812138e+01
1.719281913757324176e+01
1.583820920109748798e+01
1.765584619998931970e+01
1.624678952693939138e+01
1.646864478826522671e+01
1.586551555871963437e+01
1.580908623695373549e+01
1.471846199154853885e+01
1.727487761020660528e+01
1.688075231283903221e+01
1.591940604925155611e+01
1.728628290414810209e+01
1.550258341431617737e+01
1.535095368266105709e+01
1.574368103504180993e+01
1.737812767267227088e+01
1.535207743287086402e+01
1.540805015087127749e+01
1.474472000122070270e+01
1.682767084121704215e+01
1.507932392120361342e+01
1.577073554992675852e+01
1.556480826139450002e+01
1.564940747737884585e+01
1.579655248284339919e+01
1.514916481375694346e+01
1.554852065324783261e+01
1.383479747056960996e+01
1.685845389127731409e+01
1.530394299983978357e+01
1.410131490111350949e+01
1.448607257366180434e+01
1.552289308786392219e+01
1.534277039527893116e+01
1.530863910913467407e+01
1.560194590687751770e+01
1.677814381599426241e+01
1.534818474739789984e+01
1.664910657405853200e+01
1.606509434700012307e+01
1.650642746925354132e+01
1.588230600833892758e+01
1.653842128515243459e+01
1.619474214792251487e+01
1.623004318952560254e+01
1.580061302036046911e+01
1.603173534870147776e+01
1.678710729837417759e+01
1.476839040279388371e+01
1.503145032167434714e+01
1.564212307453155582e+01
1.547793621897697491e+01
1.661605751991271873e+01
1.573968174815177967e+01
1.638424127101898264e+01
1.649609073162078943e+01
1.496816070318222103e+01
1.819207582950592084e+01
1.576749321937561099e+01
1.639005156755447246e+01
1.609391752541065301e+01
1.552189674615859971e+01
1.537437753915786764e+01
1.572642157554626507e+01
1.671471340656280447e+01
1.651245992422103726e+01
1.460883283615112305e+01
1.588799063444137616e+01
1.614756644487381010e+01
1.650324165344238381e+01
1.765012190818786664e+01
1.555403029203414889e+01
1.550057086229324277e+01
1.670706059694290246e+01
1.548128921985626150e+01
1.576571567535400398e+01
1.576522400617599473e+01
1.541929915904998794e+01
1.651128744602203469e+01
1.679161996722221417e+01
1.423951964616775534e+01
1.707564278602600183e+01
1.591308075904846220e+01
1.590988418102264390e+01
1.533548309326171832e+01
1.553290877342224086e+01
1.675266812682151851e+01
1.616355819225311308e+01
1.563092008948326139e+01
1.558050512313842795e+01
1.524506002426147511e+01
1.567868691682815552e+01
1.670953328609466482e+01
1.628471664905548266e+01
1.529443395137786865e+01
1.555355783939361558e+01
1.458729393750429182e+01
1.517121892929077198e+01
1.589988361418247287e+01
1.609207827329635521e+01
1.528806634664535480e+01
1.536889663696289077e+01
