-2.107567070999840507e+04
-1.364711569374599458e+04
-1.169434002748930652e+04
-4.551526066173530853e+04
-2.493970514145917696e+04
-4.359184064473860781e+04
-1.868032369743382151e+04
-4.437179538748042251e+04
-2.952834516096445805e+04
-1.870689319413107660e+04
-2.953991611863566141e+04
-2.473498875328468421e+04
-1.888981973030391600e+04
-1.383212070096225580e+04
-1.141505064385032165e+04
-1.006392170598013035e+04
-9.980487502404488623e+03
-1.334402979143526682e+04
-1.457307295898875418e+04
-1.043086912760858104e+04
-9.077134327256682809e+03
-9.917965918003455954e+03
-7.682704432431134592e+03
-1.170895398214001943e+04
-1.053004920478652457e+04
-3.033222747507139138e+04
-2.069069013206668387e+04
-1.171830461634554376e+04
-8.856029388946344625e+03
-5.383295874587724029e+03
-1.876113987089672810e+04
-1.954075327084016681e+04
-9.206787635071559635e+03
-6.416708394511019833e+03
-1.634341470729534194e+04
-1.007529415698139746e+04
-1.042684940867793011e+04
-1.390608936524960700e+04
-1.291189417792918539e+04
-1.010212589853059944e+04
-8.895700406720334286e+03
-1.127715626083914867e+04
-1.575507781735865319e+04
-1.626429893118756445e+04
-1.444190129122604230e+04
-9.964881828598885477e+03
-1.966824433857975237e+04
-8.694342522425158677e+03
-1.095039847814992027e+04
-1.181527939771847923e+04
-1.699656763674872855e+04
-1.546434622753775875e+04
-1.750591670693060587e+04
-1.190441298508661021e+04
-9.992520148120449448e+03
-1.664706320071212031e+04
-1.680294975848346076e+04
-2.565554158426427603e+04
-1.510967689105237332e+04
-1.632978582731396455e+04
-1.942594290699625708e+04
-7.713555198493399075e+03
-1.470088649407635603e+04
-9.706797623474149077e+03
-8.980667318106006860e+03
-1.887198045191592973e+04
-1.805989053367981614e+04
-1.811357806323721525e+04
-9.913164380197833452e+03
-1.219684190411909367e+04
-1.270679830668417344e+04
-1.170387176055267264e+04
-2.236592023359415543e+04
-1.510988178291166332e+04
-9.018905126226285574e+03
-1.646079358817507091e+04
-1.196818501491308962e+04
-1.153533086443534194e+04
-6.237340529846304889e+03
-1.385907146446363731e+04
-3.338839567840087693e+04
-1.714517966298831743e+04
-1.748082655648886794e+04
-1.359156100306812004e+04
-2.096045492534817095e+04
-2.804346745321990602e+04
-1.890452317267210310e+04
-3.248719274112176208e+04
-1.638095031339144953e+04
-2.727518618190264169e+04
-7.897650412097807930e+03
-1.043525616905921561e+04
-6.899242376177840015e+03
-6.014744567333492341e+03
-1.226265234322949254e+04
-2.852886075053599779e+04
-8.665919531637156979e+03
-2.918254985208205107e+04
-1.830433657537169347e+04
-2.845100115193333477e+04
-2.237138461443120104e+04
-1.539734797757387605e+04
-9.294802553268045813e+03
-4.256227954558357305e+04
-5.592906246085613020e+03
-1.734489318452989755e+04
-5.481076427487976616e+03
-1.568057250710302105e+04
-2.814057597939258267e+04
-1.109743626004403450e+04
-2.659293072308739283e+04
-1.122817090683978131e+04
-1.091971610104859792e+04
-1.776525861464754780e+04
-1.866532538943630789e+04
-1.132283527051798228e+04
-1.157476893466701586e+04
-1.501842888165288423e+04
-2.167854943269975047e+04
-8.197966611809366441e+03
-1.091757395209328206e+04
-1.173844086632801009e+04
-1.636529132412289982e+04
-8.615687657106111146e+03
-5.443943962532903242e+03
-2.074485230272399713e+04
-7.658767185057329698e+03
-2.858339399234869779e+04
-7.353918543015925025e+03
-1.740719205169179986e+04
-9.046494094858944663e+03
-1.556645229184769960e+04
-1.793001019510943297e+04
-7.219718466659075602e+03
-1.484660819177119265e+04
-1.592719861377154848e+04
-2.330905852607875568e+04
-1.322176579543456319e+04
-3.382405659065301006e+04
-1.749230867282215695e+04
-5.505767037757350408e+03
-1.143499247725100395e+04
-7.219355734176079750e+03
-8.864387482468860981e+03
-2.131605263150746032e+04
-2.268540696024598947e+04
-2.997459471627758376e+03
-1.844748722254558743e+04
-3.013822348715103726e+04
-1.551997905585875378e+04
