nan
nan
nan
nan
nan
nan
nan
nan
nan
nan
1.180856954306364059e-03
2.740724012255668640e-03
5.688453558832406998e-03
1.873972010798752308e-03
1.642285147681832314e-03
1.904369331896305084e-03
4.208628553897142410e-03
3.551325760781764984e-03
1.410363591276109219e-03
4.075609613209962845e-03
2.594838617369532585e-03
2.492605708539485931e-03
1.160660292953252792e-03
7.225199602544307709e-03
5.267162341624498367e-03
7.767327129840850830e-03
3.461546031758189201e-03
4.536602180451154709e-03
3.781452076509594917e-03
3.803768660873174667e-03
5.503071006387472153e-03
5.467931739985942841e-03
2.518341643735766411e-03
2.489026635885238647e-03
1.353629486402496696e-04
5.540026817470788956e-03
4.831372294574975967e-03
1.590600702911615372e-03
5.341790150851011276e-03
8.448347449302673340e-03
3.255935152992606163e-03
4.551216494292020798e-03
3.181052161380648613e-03
4.361930303275585175e-03
2.524523064494132996e-03
3.460355103015899658e-03
5.111386068165302277e-03
2.270498545840382576e-03
6.094469223171472549e-03
6.300825159996747971e-03
