3.373784103447778460e+00
4.250932038869136287e-01
1.195049103479216113e+00
1.227430082636419728e+00
2.120991534750760188e+00
1.625000000000000056e-01
1.568911432429097808e+00
1.629884114999661238e+00
1.580314595782613019e+00
1.041272520759460640e+00
1.881935748659694818e+00
1.874968154189373681e+00
1.239892157711371290e+00
1.680558724440387453e+00
1.883999581014087710e+00
2.559911770607234960e+00
2.034572762469383012e+00
1.396870983891673745e+00
2.358373293107167257e+00
2.002930902999558782e+00
2.562687565718526628e+00
1.685018899206758514e+00
1.781474973634825654e+00
3.128181987031219524e+00
2.500517360542011680e+00
1.642491987850242419e+00
3.604115553118754089e-01
2.234660814405975415e+00
1.612023795461829945e+00
2.110669695316352623e+00
2.428764533260040714e+00
1.817066885166661150e+00
1.575520375346803226e+00
3.463356338130931245e-01
3.963793350302996288e+00
2.165215167890149672e+00
2.086360173998776713e+00
2.597058251136205254e+00
1.460794015720734418e+00
2.102149329341378436e+00
1.579346762235090518e+00
2.858016192292986979e+00
1.532956274949446085e+00
1.694736259661805411e+00
1.433047136108992925e+00
1.117967301213597109e+00
1.779646641310203448e+00
1.253137455877843642e+00
1.852635473030246782e+00
1.952740797595623690e+00
