nan
nan
nan
nan
nan
nan
nan
nan
nan
nan
2.013537362753413662e-01
1.299464191283914161e-01
2.043572606518864743e-01
1.884508851266582519e-01
1.382900143586448527e-01
1.785785542021040007e-01
1.844306842415244230e-01
1.130500432942062594e-01
2.797145607581478788e-01
1.748533621372189428e-01
1.716594188369345020e-01
1.874521795846521843e-01
1.376848436263389819e-01
1.026854646691936074e-01
8.847855891101062686e-02
2.126618232973851164e-01
1.843659197824308593e-01
1.833313031902071011e-01
1.569792351644719031e-01
1.500939561516861365e-01
1.044974481815006545e-01
2.301401892269495930e-01
2.402291607391089101e-01
1.864611581538338225e-01
1.799584356485866010e-01
2.505274260014994092e-01
1.949513005511835095e-01
2.635685455997008875e-01
1.750847583974246002e-01
2.316450201463885472e-01
1.908603545010555402e-01
2.717042123852297930e-01
1.898037655465304729e-01
3.168363634840352661e-01
1.878701508938684095e-01
1.762293246644549005e-01
1.676503667613724324e-01
3.327176402072655192e-01
1.864128200709819771e-01
1.990740383462980267e-01
