6.350000000000001421e+00
-8.309999999999999432e+01
-1.985500000000000114e+02
-8.599999999999999645e+00
-4.436999999999995339e+02
-1.258499999999999943e+02
-1.462000000000001592e+02
-3.072500000000000000e+02
-2.154999999999998295e+01
-4.634499999999998181e+02
-2.365500000000001251e+02
-1.440500000000000398e+02
-3.581499999999999773e+02
-1.330000000000000568e+02
-4.994999999999995310e+01
-1.189000000000001478e+02
-2.854999999999998295e+01
-1.812500000000001705e+02
-2.078500000000000796e+02
-7.045000000000003126e+01
1.949999999999999734e+00
-2.841000000000000796e+02
-3.537000000000001023e+02
-2.314500000000001023e+02
-4.667500000000001137e+02
-3.357499999999998863e+02
-2.900000000000000000e+01
-1.594000000000000057e+02
-4.960000000000000142e+01
-1.321000000000003070e+02
-2.244500000000000171e+02
-3.255999999999991132e+02
-6.531499999999996362e+02
-2.225000000000000000e+01
-3.333499999999996248e+02
-6.168499999999980901e+02
-3.044999999999999432e+02
-2.424000000000001762e+02
-1.470000000000002558e+02
-2.088000000000001819e+02
-4.341999999999991360e+02
-2.540500000000000114e+02
-3.919999999999973852e+02
-3.560499999999988177e+02
-1.550000000000001705e+02
-5.774999999999997158e+01
-2.011500000000000057e+02
-7.483500000000000227e+02
-2.570000000000002274e+02
-2.245000000000000284e+01
