nan
nan
nan
nan
nan
nan
nan
nan
nan
nan
8.889311720849946141e-05
5.195203266339376569e-05
4.308237839723005891e-05
9.853399387793615460e-05
1.646563905524089932e-04
5.390604928834363818e-05
1.439095649402588606e-05
1.254524977412074804e-04
4.493332016863860190e-05
7.025060767773538828e-05
9.165995288640260696e-05
1.963787944987416267e-04
1.915078901220113039e-04
1.089421130018308759e-04
8.677884761709719896e-05
5.815635813632979989e-05
9.454564860789105296e-05
1.183516724267974496e-04
7.673182699363678694e-05
1.061651710188016295e-04
2.791604310914408416e-05
7.150096644181758165e-05
6.488108920166268945e-05
2.012857730733230710e-04
2.252694976050406694e-04
0.000000000000000000e+00
1.339043810730800033e-04
1.583563280291855335e-04
7.543428364442661405e-05
8.441836689598858356e-05
6.107561057433485985e-05
5.350854189600795507e-05
4.749825529870577157e-05
1.707218325464054942e-04
1.259691780433058739e-04
2.261459012515842915e-04
2.156991977244615555e-04
2.175687841372564435e-04
1.098486245609819889e-04
4.954259566147811711e-05
