3.270083714833864175e+00
2.354103873816164150e+00
2.607360601399861810e+00
1.721575007570031346e+00
1.595668877029783328e+00
1.511004894970916057e+00
1.678713938491984026e+00
1.691060741252510047e+00
2.143241640605265008e+00
3.016396796233099753e+00
1.885647246340199423e+00
2.549584799165339533e+00
2.592588769265135706e+00
2.096332283033354393e+00
2.207953431838541203e+00
2.307284318550956392e+00
1.155790442034700494e+00
1.792390001718886072e+00
3.234406763802854190e+00
1.970529279279280788e+00
3.125792227132931700e+00
5.019756044561737518e+00
1.729032369566587679e+00
4.285815729070013624e+00
5.276610314564385895e+00
4.785393143673727145e+00
1.865660377358490996e+00
5.781138605063981251e-01
3.188821031422281571e+00
2.202921164956666900e+00
4.749059326964329308e+00
3.354002259548502618e+00
3.134783971036256389e+00
5.471120545259530843e+00
1.809089485282584286e+00
2.594029534951409754e+00
2.442897654413889619e+00
2.680115508967557680e+00
2.564342013657600727e+00
2.092389104673860967e+00
4.175681381946196424e+00
4.296744397937630744e+00
3.855781314578503149e+00
2.140090507351143145e+00
3.310976888275434238e+00
4.705734553709628898e+00
3.448228170066822695e+00
1.527106433169323596e+00
3.822857696693375829e+00
2.964418247807266926e+00
