nan
nan
nan
nan
nan
nan
nan
nan
nan
nan
3.404947409773012579e-01
3.734825763902335782e-01
2.780875060337711924e-01
2.749938855791697057e-01
2.090015476749977064e-01
1.979150244369520806e-01
2.582042716494470369e-01
3.106380731496028447e-01
1.442941118869566774e-01
2.262480348328972379e-01
2.534891630160200360e-01
2.297093004497980928e-01
2.813585025811334850e-01
2.613509432448393177e-01
2.334869013915158442e-01
1.261983839253662254e-01
2.629402739380020670e-01
2.473406785211955117e-01
2.658227419212926268e-01
1.155778867464687248e-01
1.582572077799704879e-01
2.229550437482976100e-01
2.279805286490591276e-01
2.741180396064737401e-01
1.930921539061198067e-01
2.339956216962309488e-01
2.017778311398433222e-01
2.789693021946380025e-01
2.541675263069794188e-01
2.246512908127624442e-01
2.310037246429067215e-01
2.116127296549530079e-01
2.587138710861472402e-01
2.736191647830128471e-01
2.592890532645105717e-01
1.961018498374431929e-01
2.306306492061412361e-01
2.628047349544067601e-01
2.256939371788030391e-01
8.934140773942544911e-02
