-2.787999999999999545e+02
-6.240499999999997272e+02
-2.934999999999998366e+01
-8.456499999999996362e+02
-1.596500000000000341e+02
-1.530000000000000071e+01
-6.298999999999995225e+02
-2.723499999999992838e+02
-9.250000000000003553e+00
-4.698500000000000796e+02
-1.390000000000000853e+02
-2.485500000000001251e+02
-4.496999999999999318e+02
-1.714999999999999858e+01
-3.369999999999999574e+01
-4.252500000000000000e+02
-2.394999999999999929e+01
-2.430000000000000071e+01
-3.288500000000000227e+02
-4.522500000000000568e+02
-2.022000000000000455e+02
-1.933500000000001080e+02
-3.414499999999996476e+02
-1.469999999999998330e+01
-1.192000000000000739e+02
-9.085000000000003695e+01
-3.812500000000000000e+02
-9.000000000000000000e+00
-3.509999999999996589e+01
-2.423500000000003354e+02
-2.109000000000000625e+02
-1.563500000000001080e+02
-2.384000000000001194e+02
-1.292500000000000568e+02
-2.474999999999999289e+01
-2.265000000000000568e+02
-4.600499999999998408e+02
-1.118500000000000512e+02
-9.000000000000007994e-01
-1.600000000000000000e+01
-8.750000000000003553e+00
-1.036000000000000227e+02
-1.298500000000001648e+02
-4.872499999999998863e+02
-2.141000000000000227e+02
-1.144999999999998863e+01
-1.135000000000000320e+01
-6.108499999999991132e+02
-2.002500000000000568e+02
-1.268500000000002785e+02
