3.330000000000000000e+02
2.690000000000000000e+02
2.960000000000000000e+02
2.830000000000000000e+02
3.070000000000000000e+02
2.740000000000000000e+02
2.670000000000000000e+02
4.170000000000000000e+02
3.930000000000000000e+02
2.680000000000000000e+02
3.630000000000000000e+02
3.880000000000000000e+02
2.610000000000000000e+02
2.610000000000000000e+02
1.580000000000000000e+02
1.800000000000000000e+02
2.730000000000000000e+02
2.030000000000000000e+02
1.840000000000000000e+02
2.780000000000000000e+02
2.040000000000000000e+02
1.590000000000000000e+02
3.330000000000000000e+02
2.200000000000000000e+02
2.140000000000000000e+02
2.120000000000000000e+02
1.750000000000000000e+02
1.640000000000000000e+02
2.210000000000000000e+02
1.580000000000000000e+02
2.890000000000000000e+02
1.840000000000000000e+02
2.230000000000000000e+02
2.590000000000000000e+02
1.630000000000000000e+02
3.290000000000000000e+02
2.610000000000000000e+02
3.020000000000000000e+02
2.060000000000000000e+02
3.090000000000000000e+02
2.540000000000000000e+02
3.130000000000000000e+02
1.970000000000000000e+02
1.930000000000000000e+02
2.640000000000000000e+02
2.150000000000000000e+02
3.800000000000000000e+02
2.980000000000000000e+02
2.950000000000000000e+02
2.290000000000000000e+02
