nan
nan
nan
nan
nan
nan
nan
nan
nan
nan
4.723213985562324524e-02
4.643402248620986938e-02
9.493357688188552856e-02
7.520509511232376099e-02
8.486543595790863037e-02
8.460500836372375488e-02
1.052714884281158447e-01
4.546531289815902710e-02
1.190972924232482910e-01
1.086128056049346924e-01
1.886129081249237061e-01
5.526234209537506104e-02
1.295821368694305420e-01
1.046022325754165649e-01
5.903696268796920776e-02
9.471575915813446045e-02
1.231971532106399536e-01
1.497602611780166626e-01
9.236357361078262329e-02
1.288457661867141724e-01
1.576908081769943237e-01
1.261835247278213501e-01
4.708024859428405762e-02
1.092786565423011780e-01
8.481388539075851440e-02
6.198828667402267456e-02
7.515819370746612549e-02
1.132663190364837646e-01
3.449122607707977295e-02
8.472863584756851196e-02
9.621062874794006348e-02
9.087184071540832520e-02
5.684707686305046082e-02
5.993447825312614441e-02
6.223704293370246887e-02
6.218173727393150330e-02
4.926209896802902222e-02
6.058719754219055176e-02
7.498653978109359741e-02
4.779342561960220337e-02
