4.028979526585935389e+00
3.088825882631494490e+00
1.916631673460960750e+00
3.016464732214294120e+00
3.658741757782115744e+00
3.549842204586749705e+00
1.840067930753877423e+00
9.655940576921773211e-01
1.223997072583333345e+00
2.426313257464920881e+00
7.899568971014382379e-01
7.920568890134223050e-01
3.810160920712217791e+00
3.170229106299507382e+00
5.720366817444041629e+00
6.827154423642480374e+00
3.691469776526372648e+00
4.681124661170934509e+00
4.700125374184514371e+00
8.073907801700500597e-01
4.972244556231050439e+00
5.482868528430939747e+00
2.851241314813134586e+00
2.813159910118854246e+00
4.683365617234355405e+00
4.164167836281993829e+00
6.023484796540948594e+00
5.297450034659070717e+00
4.797731190835955672e+00
5.178557734328570916e+00
9.572513209189627004e-01
5.304993439903745056e+00
3.297730595511510820e+00
3.976932776469554565e+00
4.623249615976573246e+00
1.068334505981724858e+00
2.211834031983463067e+00
5.068445039750585357e-01
2.443932016214493519e+00
1.083520525859636985e+00
4.500144076016592720e+00
2.725094741647039687e+00
4.763086499041677691e+00
3.039266494643647842e+00
4.269184987095571593e+00
2.658767781712052969e+00
9.154519944904886408e-01
2.403003643837350989e+00
8.453527390400690233e-01
3.389461479025295709e+00
