6.000000000000000000e+00
3.400000000000000000e+01
4.400000000000000000e+01
4.000000000000000000e+01
2.800000000000000000e+01
2.800000000000000000e+01
4.200000000000000000e+01
5.800000000000000000e+01
3.400000000000000000e+01
6.000000000000000000e+01
1.140000000000000000e+02
4.000000000000000000e+01
3.400000000000000000e+01
3.200000000000000000e+01
1.800000000000000000e+01
1.800000000000000000e+01
3.800000000000000000e+01
2.600000000000000000e+01
2.200000000000000000e+01
8.000000000000000000e+01
2.800000000000000000e+01
2.200000000000000000e+01
3.000000000000000000e+01
3.400000000000000000e+01
1.800000000000000000e+01
2.000000000000000000e+01
1.800000000000000000e+01
1.600000000000000000e+01
2.200000000000000000e+01
1.600000000000000000e+01
7.200000000000000000e+01
1.800000000000000000e+01
1.200000000000000000e+01
2.600000000000000000e+01
2.000000000000000000e+01
6.800000000000000000e+01
4.400000000000000000e+01
6.200000000000000000e+01
2.800000000000000000e+01
5.200000000000000000e+01
1.800000000000000000e+01
2.200000000000000000e+01
2.000000000000000000e+01
2.400000000000000000e+01
2.400000000000000000e+01
3.200000000000000000e+01
7.000000000000000000e+01
3.600000000000000000e+01
3.200000000000000000e+01
3.200000000000000000e+01
