nan
nan
nan
nan
nan
nan
nan
nan
nan
nan
3.263047364056110400e+00
3.317795330882072236e+00
3.584552220106124842e+00
3.519123352169990504e+00
3.304196221232414299e+00
2.858662514090537954e+00
2.780636434257030665e+00
3.025532644391059733e+00
2.559352352619171267e+00
2.677172880321740944e+00
3.278907818794250417e+00
2.589088154435157829e+00
3.062562807649373831e+00
2.653191110789775653e+00
2.739082552343607091e+00
2.563127147853374588e+00
2.510243658423423785e+00
2.628023103624582468e+00
2.483151374012231738e+00
2.449980060383677660e+00
2.398673592954874145e+00
2.351160516738891815e+00
2.291378973014652765e+00
2.362946926057338803e+00
2.138896487057209139e+00
2.626447698771953387e+00
2.584931204691529150e+00
2.762195425927639114e+00
2.781034468561411011e+00
2.644400871098041339e+00
2.954646851867437363e+00
2.716327927708625634e+00
2.472245234549045545e+00
2.745448859781026929e+00
2.725513557493686623e+00
2.412307262569665767e+00
2.492117000222206169e+00
2.581130359098315452e+00
2.438874386698007601e+00
2.779516642093658341e+00
