-3.655000000000000000e+02
-1.856600000000000591e+03
-2.071950000000000728e+03
-1.910450000000000273e+03
-1.577150000000001000e+03
-1.129850000000001501e+03
-2.158650000000007822e+03
-7.974049999999999272e+03
-6.627249999999996362e+03
-2.972750000000002728e+03
-1.008910000000000036e+04
-7.080599999999992178e+03
-1.486799999999999500e+03
-2.015100000000001046e+03
-8.886499999999995225e+02
-8.607499999999996589e+02
-1.818150000000002819e+03
-1.251700000000000045e+03
-1.057649999999999864e+03
-8.521199999999998909e+03
-1.249100000000000591e+03
-9.209499999999994770e+02
-1.695499999999999318e+03
-1.109299999999998590e+03
-7.687999999999994998e+02
-8.485499999999994998e+02
-7.238499999999992269e+02
-5.520499999999996135e+02
-8.189999999999997726e+02
-6.845499999999994998e+02
-8.050449999999997999e+03
-7.483499999999995680e+02
-4.978999999999990678e+02
-1.255550000000000864e+03
-7.463999999999998636e+02
-7.986949999999997999e+03
-2.209250000000003638e+03
-1.239619999999999709e+04
-1.321449999999999136e+03
-7.147499999999999091e+03
-9.411999999999989086e+02
-8.636499999999984993e+02
-9.605999999999995680e+02
-1.254750000000004547e+03
-9.313499999999995680e+02
-1.591249999999998408e+03
-8.364849999999991269e+03
-1.873350000000006730e+03
-6.205299999999984720e+03
-1.638750000000001592e+03
